-0 -14
-0 -19
-0 -23
-0 -27
-0 -30
-0 -34
-0 -5
-0 -9
-1 -10
-1 -15
-1 -20
-1 -24
-1 -28
-1 -31
-1 -35
-1 -6
-10 -15
-10 -20
-10 -24
-10 -28
-10 -31
-10 -35
-10 -43
-10 42
-11 -16
-11 -21
-11 -25
-11 -29
-11 -32
-11 -36
-11 -42
-11 41
-12 -17
-12 -22
-12 -26
-12 -33
-12 -37
-12 -41
-12 40
-13 -18
-13 -40
-13 39
-14 -19
-14 -23
-14 -27
-14 -30
-14 -34
-15 -20
-15 -24
-15 -28
-15 -31
-15 -35
-16 -21
-16 -25
-16 -29
-16 -32
-16 -36
-17 -22
-17 -26
-17 -33
-17 -37
-19 -23
-19 -27
-19 -30
-19 -34
-2 -11
-2 -16
-2 -21
-2 -25
-2 -29
-2 -32
-2 -36
-2 -7
-20 -24
-20 -28
-20 -31
-20 -35
-21 -25
-21 -29
-21 -32
-21 -36
-22 -26
-22 -33
-22 -37
-23 -27
-23 -30
-23 -34
-23 -56
-23 55
-24 -28
-24 -31
-24 -35
-24 -55
-24 54
-25 -29
-25 -32
-25 -36
-25 -54
-25 53
-26 -33
-26 -37
-26 -53
-26 52
-27 -30
-27 -34
-27 -50
-27 49
-28 -31
-28 -35
-28 -49
-28 48
-29 -32
-29 -36
-29 -48
-29 47
-3 -12
-3 -17
-3 -22
-3 -26
-3 -33
-3 -37
-3 -8
-30 -34
-31 -35
-32 -36
-33 -37
-39 -57
-4 -13
-4 -18
-40 -58
-40 -8 41
-41 -59
-41 -7 42
-42 -6 43
-42 -60
-43 -5 44
-43 -61
-44 -62
-45 -18 46
-45 -63
-46 -17 47
-46 -64
-47 -16 48
-47 -65
-48 -15 49
-48 -66
-49 -14 50
-49 -67
-5 -14
-5 -19
-5 -23
-5 -27
-5 -30
-5 -34
-5 -50
-5 -9
-5 49
-50 -68
-51 -69
-52 -70
-53 -29 54
-53 -71
-54 -28 55
-54 -72
-55 -27 56
-55 -73
-56 -74
-57 -13 58
-57 -18 58
-57 -4 58
-58 -12 59
-58 -17 59
-58 -22 59
-58 -26 59
-58 -3 59
-58 -33 59
-58 -37 59
-58 -8 41
-59 -11 60
-59 -16 60
-59 -2 60
-59 -21 60
-59 -25 60
-59 -29 60
-59 -32 60
-59 -36 60
-59 -7 42
-6 -10
-6 -15
-6 -20
-6 -24
-6 -28
-6 -31
-6 -35
-6 -49
-6 48
-60 -1 61
-60 -10 61
-60 -15 61
-60 -20 61
-60 -24 61
-60 -28 61
-60 -31 61
-60 -35 61
-60 -6 43
-61 -0 62
-61 -14 62
-61 -19 62
-61 -23 62
-61 -27 62
-61 -30 62
-61 -34 62
-61 -5 44
-61 -9 62
-63 -13 64
-63 -18 46
-63 -4 64
-64 -12 65
-64 -17 47
-64 -22 65
-64 -26 65
-64 -3 65
-64 -33 65
-64 -37 65
-64 -8 65
-65 -11 66
-65 -16 48
-65 -2 66
-65 -21 66
-65 -25 66
-65 -29 66
-65 -32 66
-65 -36 66
-65 -7 66
-66 -1 67
-66 -10 67
-66 -15 49
-66 -20 67
-66 -24 67
-66 -28 67
-66 -31 67
-66 -35 67
-66 -6 67
-67 -0 68
-67 -14 50
-67 -19 68
-67 -23 68
-67 -27 68
-67 -30 68
-67 -34 68
-67 -5 68
-67 -9 68
-69 -13 70
-69 -18 70
-69 -4 70
-7 -11
-7 -16
-7 -21
-7 -25
-7 -29
-7 -32
-7 -36
-7 -48
-7 47
-70 -12 71
-70 -17 71
-70 -22 71
-70 -26 71
-70 -3 71
-70 -33 71
-70 -37 71
-70 -8 71
-71 -11 72
-71 -16 72
-71 -2 72
-71 -21 72
-71 -25 72
-71 -29 54
-71 -32 72
-71 -36 72
-71 -7 72
-72 -1 73
-72 -10 73
-72 -15 73
-72 -20 73
-72 -24 73
-72 -28 55
-72 -31 73
-72 -35 73
-72 -6 73
-73 -0 74
-73 -14 74
-73 -19 74
-73 -23 74
-73 -27 56
-73 -30 74
-73 -34 74
-73 -5 74
-73 -9 74
-8 -12
-8 -17
-8 -22
-8 -26
-8 -33
-8 -37
-8 -47
-8 46
-9 -14
-9 -19
-9 -23
-9 -27
-9 -30
-9 -34
-9 -44
-9 43
1 10 15 -34
1 20 -5
10 24 31 -30
11 25 32 -31
12 26 33 -32
13 -33
15 20 28 31 -23
16 21 29 32 -24
17 22 33 -25
18 -12
18 -22
18 -26
18 -3
2 11 16 -35
2 21 -6
20 24 -27
21 25 -28
22 26 -29
3 12 17 -36
3 22 -7
30
35 1 10 20 24 -14
35 15 31 -9
35 6 15 -0
36 16 32 -10
36 2 11 21 25 -15
36 7 16 -1
37 17 33 -11
37 3 12 22 26 -16
37 8 17 -2
38
38 -13
38 -18
38 -4
4 -8
4 13 -17
4 13 18 -37
57
57 -58
57 39 -40
58 -59
58 40 -41
59 -60
59 41 -42
6 15 24 28 -19
60 -61
60 42 -43
61 -62
61 43 -44
63
63 -64
63 45 -46
64 -65
64 46 -47
65 -66
65 47 -48
66 -67
66 48 -49
67 -68
67 49 -50
69
69 -70
69 51 -52
7 16 25 29 -20
70 -71
70 52 -53
71 -72
71 53 -54
72 -73
72 54 -55
73 -74
73 55 -56
8 17 26 -21
Keys:
0 A 5
1 A 4
2 A 3
3 A 2
4 A 1
5 B 5
6 B 4
7 B 3
8 B 2
9 C 5
10 C 4
11 C 3
12 C 2
13 C 1
14 D 5
15 D 4
16 D 3
17 D 2
18 D 1
19 E 5
20 E 4
21 E 3
22 E 2
23 F 5
24 F 4
25 F 3
26 F 2
27 G 5
28 G 4
29 G 3
30 GOAL 5
31 GOAL 4
32 GOAL 3
33 GOAL 2
34 START 5
35 START 4
36 START 3
37 START 2
38 START 0
