-0 -14
-0 -19
-0 -23
-0 -27
-0 -30
-0 -31
-0 -5
-0 -9
-1 -10
-1 -15
-1 -20
-1 -24
-1 -28
-1 -32
-1 -6
-10 -15
-10 -20
-10 -24
-10 -28
-10 -32
-10 -37
-10 36
-11 -16
-11 -21
-11 -25
-11 -29
-11 -33
-11 -38
-11 37
-12 -17
-12 -22
-12 -26
-12 -34
-12 -39
-12 38
-13 -18
-13 39
-14 -19
-14 -23
-14 -27
-14 -30
-14 -31
-15 -20
-15 -24
-15 -28
-15 -32
-16 -21
-16 -25
-16 -29
-16 -33
-17 -22
-17 -26
-17 -34
-19 -23
-19 -27
-19 -30
-19 -31
-2 -11
-2 -16
-2 -21
-2 -25
-2 -29
-2 -33
-2 -7
-20 -24
-20 -28
-20 -32
-21 -25
-21 -29
-21 -33
-22 -26
-22 -34
-23 -27
-23 -30
-23 -31
-23 -40
-24 -28
-24 -32
-24 -41
-24 40
-25 -29
-25 -33
-25 -42
-25 41
-26 -34
-26 42
-27 -30
-27 -31
-27 -43
-28 -32
-28 -44
-28 43
-29 -33
-29 -45
-29 44
-3 -12
-3 -17
-3 -22
-3 -26
-3 -34
-3 -8
-30 -31
-36 -48
-36 -6 37
-37 -49
-37 -7 38
-38 -50
-38 -8 39
-39 -51
-4 -13
-4 -18
-40 -28 41
-40 -54
-41 -29 42
-41 -55
-42 -56
-43 -15 44
-43 -60
-44 -16 45
-44 -61
-45 -17 46
-45 -62
-46 -18 47
-46 -63
-47 -64
-48 -1 49
-48 -10 49
-48 -15 49
-48 -20 49
-48 -24 49
-48 -28 49
-48 -32 49
-48 -6 37
-49 -11 50
-49 -16 50
-49 -2 50
-49 -21 50
-49 -25 50
-49 -29 50
-49 -33 50
-49 -7 38
-5 -14
-5 -19
-5 -23
-5 -27
-5 -30
-5 -31
-5 -43
-5 -9
-50 -12 51
-50 -17 51
-50 -22 51
-50 -26 51
-50 -3 51
-50 -34 51
-50 -8 39
-51 -13 52
-51 -18 52
-51 -4 52
-52 -35 53
-54 -1 55
-54 -10 55
-54 -15 55
-54 -20 55
-54 -24 55
-54 -28 41
-54 -32 55
-54 -6 55
-55 -11 56
-55 -16 56
-55 -2 56
-55 -21 56
-55 -25 56
-55 -29 42
-55 -33 56
-55 -7 56
-56 -12 57
-56 -17 57
-56 -22 57
-56 -26 57
-56 -3 57
-56 -34 57
-56 -8 57
-57 -13 58
-57 -18 58
-57 -4 58
-58 -35 59
-6 -10
-6 -15
-6 -20
-6 -24
-6 -28
-6 -32
-6 -44
-6 43
-60 -1 61
-60 -10 61
-60 -15 44
-60 -20 61
-60 -24 61
-60 -28 61
-60 -32 61
-60 -6 61
-61 -11 62
-61 -16 45
-61 -2 62
-61 -21 62
-61 -25 62
-61 -29 62
-61 -33 62
-61 -7 62
-62 -12 63
-62 -17 46
-62 -22 63
-62 -26 63
-62 -3 63
-62 -34 63
-62 -8 63
-63 -13 64
-63 -18 47
-63 -4 64
-64 -35 65
-7 -11
-7 -16
-7 -21
-7 -25
-7 -29
-7 -33
-7 -45
-7 44
-8 -12
-8 -17
-8 -22
-8 -26
-8 -34
-8 -46
-8 45
-9 -14
-9 -19
-9 -23
-9 -27
-9 -30
-9 -31
-9 -36
31
48
48 -49
48 36 -37
49 -50
49 37 -38
50 -51
50 38 -39
51 -52
52 -53
54
54 -55
54 40 -41
55 -56
55 41 -42
56 -57
57 -58
58 -59
60
60 -61
60 43 -44
61 -62
61 44 -45
62 -63
62 45 -46
63 -64
63 46 -47
64 -65
Keys:
0 A 0
1 A 1
2 A 2
3 A 3
4 A 4
5 B 0
6 B 1
7 B 2
8 B 3
9 C 0
10 C 1
11 C 2
12 C 3
13 C 4
14 D 0
15 D 1
16 D 2
17 D 3
18 D 4
19 E 0
20 E 1
21 E 2
22 E 3
23 F 0
24 F 1
25 F 2
26 F 3
27 G 0
28 G 1
29 G 2
30 GOAL 0
31 START 0
32 START 1
33 START 2
34 START 3
35 START 5
